Epoch	Time(sec)	Loss_train	val_AUROC	val_AUPRC	val_F1	val_Sensitivity	val_Specificity	val_Accuracy	test_AUROC	test_AUPRC	test_F1	test_Sensitivity	test_Specificity	test_Accuracy
1	115.19068370014429	13111.2110164091	0.6171573376830435	0.624535469217536	0.5572139303482587	0.5694915254237288	0.5947901591895803	0.5831381733021077	0.6440942949296724	0.6319025029476859	0.5800344234079173	0.614963503649635	0.587183308494784	0.5996718621821165
1	114.21844279998913	13111.2110164091	0.6171573376830435	0.624535469217536	0.5572139303482587	0.5694915254237288	0.5947901591895803	0.5831381733021077	0.6440942949296724	0.6319025029476859	0.5800344234079173	0.614963503649635	0.587183308494784	0.5996718621821165
2	226.25430190004408	12148.660221243277	0.6224726507885894	0.6407334042127516	0.5743157894736842	0.5779661016949152	0.6287988422575976	0.6053864168618267	0.6550137099274425	0.6474417062380573	0.5801359351019513	0.603558394160584	0.6102831594634873	0.6072600492206727
2	225.22315589990467	12148.660221243277	0.6224726507885894	0.6407334042127516	0.5743157894736842	0.5779661016949152	0.6287988422575976	0.6053864168618267	0.6550137099274425	0.6474417062380573	0.5801359351019513	0.603558394160584	0.6102831594634873	0.6072600492206727
3	340.3146273000166	11772.13628004212	0.6201246657999951	0.6393501272154185	0.5487634157722818	0.49830508474576274	0.7286541244573083	0.62256049960968	0.6570922953811176	0.6520509772659662	0.5774681719913524	0.5483576642335767	0.7134873323397913	0.639253486464315
3	338.7673219998833	11772.13628004212	0.6201246657999951	0.6393501272154185	0.5487634157722818	0.49830508474576274	0.7286541244573083	0.62256049960968	0.6570922953811176	0.6520509772659662	0.5774681719913524	0.5483576642335767	0.7134873323397913	0.639253486464315
4	451.6628897001501	11582.782331247698	0.622391093723172	0.6444274941460075	0.5692982456140351	0.55	0.6736613603473227	0.6167056986729118	0.6552246449628509	0.6525397838713168	0.5848540145985401	0.5848540145985401	0.6609538002980626	0.6267432321575062
4	450.50089189992286	11582.782331247698	0.622391093723172	0.6444274941460075	0.5692982456140351	0.55	0.6736613603473227	0.6167056986729118	0.6552246449628509	0.6525397838713168	0.5848540145985401	0.5848540145985401	0.6609538002980626	0.6267432321575062
5	564.8310748001095	11497.29562633147	0.6207516740660797	0.6402430679651152	0.5507246376811594	0.49915254237288137	0.7322720694645442	0.6249024199843872	0.655431585660361	0.6531639028294434	0.5787704130643612	0.5497262773722628	0.7142324888226528	0.640278917145201
5	563.4352986998856	11497.29562633147	0.6207516740660797	0.6402430679651152	0.5507246376811594	0.49915254237288137	0.7322720694645442	0.6249024199843872	0.655431585660361	0.6531639028294434	0.5787704130643612	0.5497262773722628	0.7142324888226528	0.640278917145201
6	675.0598641999532	11407.133546437835	0.6186244450440286	0.6419812034240239	0.5400192864030858	0.4745762711864407	0.7583212735166426	0.6276346604215457	0.6533926886279331	0.6527451126882974	0.5746268656716418	0.5269160583941606	0.7492548435171386	0.6493027071369976
6	673.4923656999599	11407.133546437835	0.6186244450440286	0.6419812034240239	0.5400192864030858	0.4745762711864407	0.7583212735166426	0.6276346604215457	0.6533926886279331	0.6527451126882974	0.5746268656716418	0.5269160583941606	0.7492548435171386	0.6493027071369976
7	787.8696054001339	11346.478985272348	0.6204855404841914	0.6416877353743046	0.5629017447199265	0.5194915254237288	0.7214182344428365	0.6284153005464481	0.654087618436368	0.6549903305723923	0.5892135899263483	0.5656934306569343	0.7105067064083458	0.6454060705496308
7	788.1865073998924	11346.478985272348	0.6204855404841914	0.6416877353743046	0.5629017447199265	0.5194915254237288	0.7214182344428365	0.6284153005464481	0.654087618436368	0.6549903305723923	0.5892135899263483	0.5656934306569343	0.7105067064083458	0.6454060705496308
8	898.2325663999654	11294.420534483972	0.6191285045009689	0.6426788729271564	0.5661399548532732	0.5313559322033898	0.7047756874095513	0.6249024199843872	0.653815238586052	0.6525311930256026	0.5911121561250882	0.5734489051094891	0.7004470938897168	0.6433552091878589
8	899.4469822000246	11294.420534483972	0.6191285045009689	0.6426788729271564	0.5661399548532732	0.5313559322033898	0.7047756874095513	0.6249024199843872	0.653815238586052	0.6525311930256026	0.5911121561250882	0.5734489051094891	0.7004470938897168	0.6433552091878589
9	1008.5397117999382	11241.918257717974	0.6196727292795997	0.6428550862466094	0.5709372312983663	0.5627118644067797	0.6512301013024602	0.6104605776736924	0.6506854623777564	0.6524283804471485	0.5894128113879004	0.604470802919708	0.6352459016393442	0.6214109926168991
9	1010.4515080000274	11241.918257717974	0.6196727292795997	0.6428550862466094	0.5709372312983663	0.5627118644067797	0.6512301013024602	0.6104605776736924	0.6506854623777564	0.6524283804471485	0.5894128113879004	0.604470802919708	0.6352459016393442	0.6214109926168991
10	1119.035484699998	11060.98917426914	0.6197322107483627	0.6444170728364031	0.567420814479638	0.5313559322033898	0.7083936324167872	0.6268540202966433	0.6514539899866199	0.6534636340888855	0.5906735751295337	0.5720802919708029	0.7019374068554396	0.6435602953240361
10	1119.7009374999907	11060.98917426914	0.6197322107483627	0.6444170728364031	0.567420814479638	0.5313559322033898	0.7083936324167872	0.6268540202966433	0.6514539899866199	0.6534636340888855	0.5906735751295337	0.5720802919708029	0.7019374068554396	0.6435602953240361
11	1229.9597573999781	11018.332862043753	0.6217794157325419	0.6454817664661938	0.5681618293755497	0.5474576271186441	0.6758321273516642	0.6167056986729118	0.6497540167741794	0.6524825497785821	0.5867637025244485	0.5885036496350365	0.6590909090909091	0.6273584905660378
11	1231.3185948000755	11018.332862043753	0.6217794157325419	0.6454817664661938	0.5681618293755497	0.5474576271186441	0.6758321273516642	0.6167056986729118	0.6497540167741794	0.6524825497785821	0.5867637025244485	0.5885036496350365	0.6590909090909091	0.6273584905660378
12	1342.8048819999676	10981.406196008611	0.6192695430351493	0.6444495962301897	0.561662817551963	0.5152542372881356	0.7272069464544139	0.6295862607338018	0.6496777844104562	0.6523084176186353	0.5877004067958842	0.5602189781021898	0.7172131147540983	0.646636587366694
12	1341.598592999857	10981.406196008611	0.6192695430351493	0.6444495962301897	0.561662817551963	0.5152542372881356	0.7272069464544139	0.6295862607338018	0.6496777844104562	0.6523084176186353	0.5877004067958842	0.5602189781021898	0.7172131147540983	0.646636587366694
13	1453.063265600009	10954.044594679144	0.6184542789864848	0.6439301545431293	0.5623268698060941	0.5161016949152543	0.7272069464544139	0.629976580796253	0.6489577837577643	0.6538263918564049	0.5843937575030012	0.5552007299270073	0.7183308494783904	0.6449958982772764
13	1448.8509823998902	10954.044594679144	0.6184542789864848	0.6439301545431293	0.5623268698060941	0.5161016949152543	0.7272069464544139	0.629976580796253	0.6489577837577643	0.6538263918564049	0.5843937575030012	0.5552007299270073	0.7183308494783904	0.6449958982772764
14	1547.1438275000546	10915.61237426917	0.6208068630577154	0.644636980050493	0.5615629259427533	0.523728813559322	0.7083936324167872	0.6233411397345824	0.6490277271639453	0.6522876223346084	0.5902335456475584	0.5707116788321168	0.7034277198211625	0.6437653814602133
14	1543.8356766998768	10915.61237426917	0.6208068630577154	0.644636980050493	0.5615629259427533	0.523728813559322	0.7083936324167872	0.6233411397345824	0.6490277271639453	0.6522876223346084	0.5902335456475584	0.5707116788321168	0.7034277198211625	0.6437653814602133
15	1637.4716298000421	10899.464867812814	0.6209022173710417	0.6454200977806991	0.5661031642826181	0.5533898305084746	0.6570188133140377	0.6092896174863388	0.648149057812177	0.650122546654602	0.5906642728904847	0.6003649635036497	0.646795827123696	0.6259228876127974
15	1634.1544081999455	10899.464867812814	0.6209022173710417	0.6454200977806991	0.5661031642826181	0.5533898305084746	0.6570188133140377	0.6092896174863388	0.648149057812177	0.650122546654602	0.5906642728904847	0.6003649635036497	0.646795827123696	0.6259228876127974
16	1729.0442638001405	10890.489394528326	0.621741396649415	0.6468128483560485	0.5651589789520824	0.5347457627118644	0.6946454413892909	0.6209992193598751	0.6468364503899833	0.6518173413444575	0.5852866094221397	0.5752737226277372	0.6810730253353204	0.6335110746513536
16	1727.03606329998	10890.489394528326	0.621741396649415	0.6468128483560485	0.5651589789520824	0.5347457627118644	0.6946454413892909	0.6209992193598751	0.6468364503899833	0.6518173413444575	0.5852866094221397	0.5752737226277372	0.6810730253353204	0.6335110746513536
17	1825.2260175999254	10855.424822699279	0.61954824744291	0.6434732566392933	0.5590118938700823	0.5177966101694915	0.7141823444283647	0.6237314597970336	0.6488035343261501	0.6530638806131938	0.5872865275142315	0.5647810218978102	0.7071535022354695	0.6431501230516817
17	1822.9716808998492	10855.424822699279	0.61954824744291	0.6434732566392933	0.5590118938700823	0.5177966101694915	0.7141823444283647	0.6237314597970336	0.6488035343261501	0.6530638806131938	0.5872865275142315	0.5647810218978102	0.7071535022354695	0.6431501230516817
18	1917.0452143999282	10839.951976485085	0.61857354852952	0.6419135602561596	0.5612612612612613	0.5279661016949152	0.6982633863965267	0.6198282591725215	0.6479231652561271	0.652109980464529	0.5888420065635256	0.572992700729927	0.6952309985096871	0.640278917145201
18	1913.5580668000039	10839.951976485085	0.61857354852952	0.6419135602561596	0.5612612612612613	0.5279661016949152	0.6982633863965267	0.6198282591725215	0.6479231652561271	0.652109980464529	0.5888420065635256	0.572992700729927	0.6952309985096871	0.640278917145201
19	2010.0052323001437	10822.174570780946	0.61954824744291	0.644262451652502	0.56353591160221	0.5186440677966102	0.7250361794500724	0.629976580796253	0.6474293121172234	0.6523911451711814	0.5876165431508487	0.5606751824817519	0.7160953800298062	0.6462264150943396
19	2007.5317689999938	10822.174570780946	0.61954824744291	0.644262451652502	0.56353591160221	0.5186440677966102	0.7250361794500724	0.629976580796253	0.6474293121172234	0.6523911451711814	0.5876165431508487	0.5606751824817519	0.7160953800298062	0.6462264150943396
20	2101.2546429000795	10684.283613030915	0.6211962520542569	0.6467412797375033	0.5646017699115045	0.5406779661016949	0.6801736613603473	0.6159250585480094	0.6466436173539875	0.6521565726656366	0.5915492957746479	0.5843978102189781	0.680327868852459	0.6372026251025431
20	2098.7541342000477	10684.283613030915	0.6211962520542569	0.6467412797375033	0.5646017699115045	0.5406779661016949	0.6801736613603473	0.6159250585480094	0.6466436173539875	0.6521565726656366	0.5915492957746479	0.5843978102189781	0.680327868852459	0.6372026251025431
21	2192.5221057001036	10681.781631150981	0.6221884274816649	0.6461016295798567	0.5656208572691118	0.5423728813559322	0.6794500723589001	0.6163153786104606	0.6476965928127754	0.6530909639992315	0.5912643678160919	0.5866788321167883	0.6751117734724292	0.6353568498769483
21	2189.9846941998694	10681.781631150981	0.6221884274816649	0.6461016295798567	0.5656208572691118	0.5423728813559322	0.6794500723589001	0.6163153786104606	0.6476965928127754	0.6530909639992315	0.5912643678160919	0.5866788321167883	0.6751117734724292	0.6353568498769483
22	2297.7403549000155	10663.660502537794	0.6210153548038951	0.6453553875409939	0.5633802816901409	0.5254237288135594	0.7098408104196816	0.6249024199843872	0.6468823427828603	0.6530055177637151	0.5888204642349597	0.5670620437956204	0.7067809239940388	0.6439704675963905
22	2294.4259973000735	10663.660502537794	0.6210153548038951	0.6453553875409939	0.5633802816901409	0.5254237288135594	0.7098408104196816	0.6249024199843872	0.6468823427828603	0.6530055177637151	0.5888204642349597	0.5670620437956204	0.7067809239940388	0.6439704675963905
23	2403.823155600112	10659.384794109035	0.6202687703892664	0.6448190274419656	0.5636856368563685	0.5288135593220339	0.703328509406657	0.6229508196721312	0.6465284614422313	0.6527924579776947	0.5895627644569816	0.5720802919708029	0.698956780923994	0.6419196062346185
23	2402.1221936999355	10659.384794109035	0.6202687703892664	0.6448190274419656	0.5636856368563685	0.5288135593220339	0.703328509406657	0.6229508196721312	0.6465284614422313	0.6527924579776947	0.5895627644569816	0.5720802919708029	0.698956780923994	0.6419196062346185
24	2513.685650000116	10646.829801052343	0.6222880742721186	0.6466531413771807	0.5652759084791387	0.5338983050847458	0.6968162083936325	0.6217798594847775	0.6464812942606634	0.6529593057017932	0.5908137094893915	0.5780109489051095	0.6907600596125186	0.6400738310090238
24	2510.1735322999302	10646.829801052343	0.6222880742721186	0.6466531413771807	0.5652759084791387	0.5338983050847458	0.6968162083936325	0.6217798594847775	0.6464812942606634	0.6529593057017932	0.5908137094893915	0.5780109489051095	0.6907600596125186	0.6400738310090238
25	2630.821687000105	10640.261640700744	0.6210656381073855	0.6450960001729156	0.5657657657657658	0.5322033898305085	0.7018813314037626	0.6237314597970336	0.6464163650233337	0.6522732287387925	0.5890346766635426	0.5734489051094891	0.6948584202682563	0.640278917145201
25	2629.557164900005	10640.261640700744	0.6210656381073855	0.6450960001729156	0.5657657657657658	0.5322033898305085	0.7018813314037626	0.6237314597970336	0.6464163650233337	0.6522732287387925	0.5890346766635426	0.5734489051094891	0.6948584202682563	0.640278917145201
26	2750.0668437001295	10625.54784772778	0.622129252618411	0.64675692088905	0.5785407725321888	0.5711864406779661	0.6555716353111433	0.6167056986729118	0.6466352887345393	0.6524203865384481	0.588524224157178	0.6012773722627737	0.6389716840536512	0.6220262510254306
26	2744.44999559992	10625.54784772778	0.622129252618411	0.64675692088905	0.5785407725321888	0.5711864406779661	0.6555716353111433	0.6167056986729118	0.6466352887345393	0.6524203865384481	0.588524224157178	0.6012773722627737	0.6389716840536512	0.6220262510254306
27	2860.705026499927	10617.384183136164	0.6208442689298241	0.6457068238661288	0.5729303547963206	0.5542372881355933	0.6751085383502171	0.6194379391100703	0.645704353046439	0.6518315926659715	0.5886379192334018	0.5885036496350365	0.6643070044709389	0.6302296964725185
27	2854.9866380998865	10617.384183136164	0.6208442689298241	0.6457068238661288	0.5729303547963206	0.5542372881355933	0.6751085383502171	0.6194379391100703	0.645704353046439	0.6518315926659715	0.5886379192334018	0.5885036496350365	0.6643070044709389	0.6302296964725185
28	2975.50270000007	10610.958673031535	0.6200845004783047	0.6451310871773153	0.565059144676979	0.5262711864406779	0.7127351664254703	0.6268540202966433	0.6457237298345426	0.6517029439609631	0.5888493475682087	0.5661496350364964	0.7086438152011922	0.644585726004922
28	2969.2984350998886	10610.958673031535	0.6200845004783047	0.6451310871773153	0.565059144676979	0.5262711864406779	0.7127351664254703	0.6268540202966433	0.6457237298345426	0.6517029439609631	0.5888493475682087	0.5661496350364964	0.7086438152011922	0.644585726004922
29	3084.8978079000954	10592.0505091683	0.6207939856263338	0.645255812637258	0.5749261291684254	0.5771186440677966	0.6324167872648335	0.6069476971116315	0.645949792362418	0.6512799134948671	0.5894505494505494	0.6117700729927007	0.6210879284649776	0.6168990976210008
29	3078.9170196000487	10592.0505091683	0.6207939856263338	0.645255812637258	0.5749261291684254	0.5771186440677966	0.6324167872648335	0.6069476971116315	0.645949792362418	0.6512799134948671	0.5894505494505494	0.6117700729927007	0.6210879284649776	0.6168990976210008
30	3197.0430622000713	10533.724427142646	0.6215132821506536	0.6465128952373541	0.5727944372012168	0.5584745762711865	0.6657018813314037	0.6163153786104606	0.6457633332698772	0.6526101945387836	0.5894355021537067	0.593065693430657	0.6576005961251863	0.6285890073831009
30	3192.051265100017	10533.724427142646	0.6215132821506536	0.6465128952373541	0.5727944372012168	0.5584745762711865	0.6657018813314037	0.6163153786104606	0.6457633332698772	0.6526101945387836	0.5894355021537067	0.593065693430657	0.6576005961251863	0.6285890073831009
31	3307.0534870000556	10512.070222066017	0.6214194608648728	0.6461592193699145	0.5749892565535024	0.5669491525423729	0.6541244573082489	0.6139734582357533	0.6458666761397631	0.653134823783646	0.5858676207513417	0.5976277372262774	0.6385991058122206	0.6201804757998359
31	3301.7375380999874	10512.070222066017	0.6214194608648728	0.6461592193699145	0.5749892565535024	0.5669491525423729	0.6541244573082489	0.6139734582357533	0.6458666761397631	0.653134823783646	0.5858676207513417	0.5976277372262774	0.6385991058122206	0.6201804757998359
32	3417.3084032000042	10506.839183029486	0.621098444896858	0.6462643997323344	0.5745422842197035	0.5584745762711865	0.670767004341534	0.6190476190476191	0.6457783757764313	0.6528151050709913	0.5837887067395264	0.5848540145985401	0.657973174366617	0.6251025430680885
32	3413.834657700034	10506.839183029486	0.621098444896858	0.6462643997323344	0.5745422842197035	0.5584745762711865	0.670767004341534	0.6190476190476191	0.6457783757764313	0.6528151050709913	0.5837887067395264	0.5848540145985401	0.657973174366617	0.6251025430680885
33	3527.424849299947	10502.129421320278	0.6211438225122029	0.6454192641462088	0.5753307725138711	0.5711864406779661	0.64616497829233	0.6116315378610461	0.6462041551992342	0.6529365321541358	0.58915770609319	0.5999087591240876	0.6434426229508197	0.6238720262510254
33	3524.979323900072	10502.129421320278	0.6211438225122029	0.6454192641462088	0.5753307725138711	0.5711864406779661	0.64616497829233	0.6116315378610461	0.6462041551992342	0.6529365321541358	0.58915770609319	0.5999087591240876	0.6434426229508197	0.6238720262510254
34	3638.14720649994	10492.391156918136	0.6214571733424906	0.6453115617622659	0.5759656652360515	0.5686440677966101	0.6534008683068018	0.6143637782982045	0.6461949767206588	0.6529157869794056	0.5870736086175943	0.5967153284671532	0.6438152011922503	0.6226415094339622
34	3636.754305700073	10492.391156918136	0.6214571733424906	0.6453115617622659	0.5759656652360515	0.5686440677966101	0.6534008683068018	0.6143637782982045	0.6461949767206588	0.6529157869794056	0.5870736086175943	0.5967153284671532	0.6438152011922503	0.6226415094339622
35	3750.7761015000287	10492.157276901882	0.6222724373911551	0.6448804340552122	0.5745762711864407	0.5745762711864407	0.6367583212735166	0.6081186572989852	0.6462336453109533	0.6525836226229359	0.5858407079646017	0.6040145985401459	0.6259314456035767	0.616078753076292
35	3746.753524800064	10492.157276901882	0.6222724373911551	0.6448804340552122	0.5745762711864407	0.5745762711864407	0.6367583212735166	0.6081186572989852	0.6462336453109533	0.6525836226229359	0.5858407079646017	0.6040145985401459	0.6259314456035767	0.616078753076292
36	3862.128795400029	10481.978896647925	0.6217959724300326	0.6440916941229684	0.5773195876288659	0.5694915254237288	0.6555716353111433	0.6159250585480094	0.6461758548902934	0.6531273182433801	0.5896916497861805	0.5976277372262774	0.6494038748137109	0.6261279737489746
36	3857.609266899992	10481.978896647925	0.6217959724300326	0.6440916941229684	0.5773195876288659	0.5694915254237288	0.6555716353111433	0.6159250585480094	0.6461758548902934	0.6531273182433801	0.5896916497861805	0.5976277372262774	0.6494038748137109	0.6261279737489746
37	3976.176686800085	10476.563329096185	0.6215537540778533	0.6456277669342534	0.5665773011617515	0.5372881355932203	0.6931982633863966	0.6213895394223263	0.645354975959185	0.652440784116072	0.5828062778168189	0.5675182481751825	0.6896423248882265	0.6347415914684167
37	3969.2075205000583	10476.563329096185	0.6215537540778533	0.6456277669342534	0.5665773011617515	0.5372881355932203	0.6931982633863966	0.6213895394223263	0.645354975959185	0.652440784116072	0.5828062778168189	0.5675182481751825	0.6896423248882265	0.6347415914684167
38	4087.689601799939	10475.282047477318	0.6202519070862665	0.6447807824222798	0.5721627408993576	0.5661016949152542	0.6476121562952243	0.6100702576112412	0.6455052310529007	0.6525387134114662	0.584400988986289	0.593065693430657	0.6434426229508197	0.6207957342083675
38	4080.133331899997	10475.282047477318	0.6202519070862665	0.6447807824222798	0.5721627408993576	0.5661016949152542	0.6476121562952243	0.6100702576112412	0.6455052310529007	0.6525387134114662	0.584400988986289	0.593065693430657	0.6434426229508197	0.6207957342083675
39	4207.176500499947	10469.464922915911	0.622090620324266	0.6460802901031442	0.5728900255754475	0.5694915254237288	0.6425470332850941	0.6088992974238876	0.6453285453403244	0.6518264135941303	0.5872625698324022	0.5994525547445255	0.6389716840536512	0.6212059064807219
39	4198.685028699925	10469.464922915911	0.622090620324266	0.6460802901031442	0.5728900255754475	0.5694915254237288	0.6425470332850941	0.6088992974238876	0.6453285453403244	0.6518264135941303	0.5872625698324022	0.5994525547445255	0.6389716840536512	0.6212059064807219
40	4320.724235600093	10429.323250706075	0.6217889205033236	0.6446417124609194	0.573832562053008	0.5779661016949152	0.6273516642547033	0.6046057767369243	0.6460102173463727	0.6526529090057348	0.5846898372195336	0.6062956204379562	0.6181073025335321	0.6127973748974569
40	4311.360336499987	10429.323250706075	0.6217889205033236	0.6446417124609194	0.573832562053008	0.5779661016949152	0.6273516642547033	0.6046057767369243	0.6460102173463727	0.6526529090057348	0.5846898372195336	0.6062956204379562	0.6181073025335321	0.6127973748974569
41	4429.872301999945	10418.070824998198	0.6219023645416861	0.6451511479717764	0.5746931866271688	0.5754237288135593	0.6353111432706223	0.607728337236534	0.6456339847106942	0.6525358512003361	0.5895902547065338	0.6072080291970803	0.6304023845007451	0.6199753896636587
41	4420.189800499938	10418.070824998198	0.6219023645416861	0.6451511479717764	0.5746931866271688	0.5754237288135593	0.6353111432706223	0.607728337236534	0.6456339847106942	0.6525358512003361	0.5895902547065338	0.6072080291970803	0.6304023845007451	0.6199753896636587
42	4540.276240000036	10412.44887819048	0.6219915867448307	0.645693480553945	0.573134328358209	0.5694915254237288	0.6432706222865412	0.6092896174863388	0.6454827947719386	0.6521041714879772	0.5870824053452116	0.6012773722627737	0.6348733233979136	0.6197703035274815
42	4530.31210989994	10412.44887819048	0.6219915867448307	0.645693480553945	0.573134328358209	0.5694915254237288	0.6432706222865412	0.6092896174863388	0.6454827947719386	0.6521041714879772	0.5870824053452116	0.6012773722627737	0.6348733233979136	0.6197703035274815
43	4652.374316200148	10413.978654241655	0.6216586131619612	0.6458372465597375	0.5741136266552755	0.5694915254237288	0.64616497829233	0.6108508977361436	0.6456726533009889	0.6525892272227191	0.5886556498436802	0.6012773722627737	0.639344262295082	0.6222313371616078
43	4642.751643100055	10413.978654241655	0.6216586131619612	0.6458372465597375	0.5741136266552755	0.5694915254237288	0.64616497829233	0.6108508977361436	0.6456726533009889	0.6525892272227191	0.5886556498436802	0.6012773722627737	0.639344262295082	0.6222313371616078
44	4761.125875500031	10409.247635165928	0.6213106159091466	0.6445620012399247	0.5749055812001679	0.5805084745762712	0.6251808972503617	0.6046057767369243	0.646250727479413	0.6524460823298566	0.5859872611464968	0.6085766423357665	0.6173621460506706	0.6134126333059885
44	4750.280365800019	10409.247635165928	0.6213106159091466	0.6445620012399247	0.5749055812001679	0.5805084745762712	0.6251808972503617	0.6046057767369243	0.646250727479413	0.6524460823298566	0.5859872611464968	0.6085766423357665	0.6173621460506706	0.6134126333059885
45	4871.488764900016	10406.045988063095	0.6213750030660551	0.64431081908521	0.5764854614412137	0.5796610169491525	0.6316931982633864	0.607728337236534	0.6460558547815114	0.6525808865783649	0.5873015873015873	0.6076642335766423	0.6229508196721312	0.616078753076292
45	4862.095081999898	10406.045988063095	0.6213750030660551	0.64431081908521	0.5764854614412137	0.5796610169491525	0.6316931982633864	0.607728337236534	0.6460558547815114	0.6525808865783649	0.5873015873015873	0.6076642335766423	0.6229508196721312	0.616078753076292
46	4981.302576899994	10401.95053495327	0.6218977654590497	0.6445883023484446	0.5758722152164775	0.5805084745762712	0.6280752532561505	0.6061670569867291	0.6454467607449389	0.6516230492402806	0.5877694676638804	0.6094890510948905	0.620715350223547	0.6156685808039376
46	4972.55218670005	10401.95053495327	0.6218977654590497	0.6445883023484446	0.5758722152164775	0.5805084745762712	0.6280752532561505	0.6061670569867291	0.6454467607449389	0.6516230492402806	0.5877694676638804	0.6094890510948905	0.620715350223547	0.6156685808039376
47	5089.754276900087	10398.00334302336	0.6214948858201084	0.6436204850407848	0.5750421585160203	0.5779661016949152	0.6309696092619392	0.6065573770491803	0.6454719165751085	0.6516734847406752	0.5886759198061247	0.6094890510948905	0.6233233979135618	0.617104183757178
47	5081.074191799853	10398.00334302336	0.6214948858201084	0.6436204850407848	0.5750421585160203	0.5779661016949152	0.6309696092619392	0.6065573770491803	0.6454719165751085	0.6516734847406752	0.5886759198061247	0.6094890510948905	0.6233233979135618	0.617104183757178
48	5199.360291300109	10397.864254663698	0.621301417743874	0.6438499862526538	0.5732430143945809	0.573728813559322	0.6345875542691751	0.6065573770491803	0.6451573837120759	0.6513792357522259	0.5859392326458195	0.6026459854014599	0.6289120715350224	0.617104183757178
48	5189.036532300059	10397.864254663698	0.621301417743874	0.6438499862526538	0.5732430143945809	0.573728813559322	0.6345875542691751	0.6065573770491803	0.6451573837120759	0.6513792357522259	0.5859392326458195	0.6026459854014599	0.6289120715350224	0.617104183757178
49	5309.493223899975	10393.837145054946	0.6211097893006942	0.6434600041549101	0.5734676742233418	0.5788135593220339	0.6244573082489147	0.6034348165495707	0.6452110098230117	0.6513873944590528	0.5880800527820541	0.6099452554744526	0.620715350223547	0.6158736669401148
49	5300.250709200045	10393.837145054946	0.6211097893006942	0.6434600041549101	0.5734676742233418	0.5788135593220339	0.6244573082489147	0.6034348165495707	0.6452110098230117	0.6513873944590528	0.5880800527820541	0.6099452554744526	0.620715350223547	0.6158736669401148
50	5421.928984800121	10362.050708951894	0.6211487282003483	0.6440023996774211	0.5743157894736842	0.5779661016949152	0.6287988422575976	0.6053864168618267	0.645426194154057	0.6513533989486598	0.586654921823387	0.6076642335766423	0.6210879284649776	0.6150533223954061
50	5410.667526300065	10362.050708951894	0.6211487282003483	0.6440023996774211	0.5743157894736842	0.5779661016949152	0.6287988422575976	0.6053864168618267	0.645426194154057	0.6513533989486598	0.586654921823387	0.6076642335766423	0.6210879284649776	0.6150533223954061
51	5529.60474910005	10363.377729077358	0.6213366773774192	0.644165842625737	0.5729957805907173	0.5754237288135593	0.630246020260492	0.6049960967993755	0.6454286587455264	0.6513270220302334	0.5876902713434812	0.6076642335766423	0.6240685543964233	0.6166940114848236
51	5519.058774400037	10363.377729077358	0.6213366773774192	0.644165842625737	0.5729957805907173	0.5754237288135593	0.630246020260492	0.6049960967993755	0.6454286587455264	0.6513270220302334	0.5876902713434812	0.6076642335766423	0.6240685543964233	0.6166940114848236
52	5637.942271300126	10359.86223266134	0.6210417228776767	0.6439724386160288	0.5742154368108566	0.573728813559322	0.6374819102749638	0.6081186572989852	0.6451893384152643	0.6510035233243805	0.5865128660159716	0.6031021897810219	0.6296572280178837	0.6177194421657096
52	5625.842472000048	10359.86223266134	0.6210417228776767	0.6439724386160288	0.5742154368108566	0.573728813559322	0.6374819102749638	0.6081186572989852	0.6451893384152643	0.6510035233243805	0.5865128660159716	0.6031021897810219	0.6296572280178837	0.6177194421657096
53	5732.251692499965	10359.506496052723	0.6215917731609801	0.6440590879920545	0.5735849056603773	0.5796610169491525	0.6230101302460203	0.6030444964871194	0.6452927662710629	0.6512331094043734	0.5885188431200701	0.6126824817518248	0.6166169895678092	0.6148482362592289
53	5723.3329133000225	10359.506496052723	0.6215917731609801	0.6440590879920545	0.5735849056603773	0.5796610169491525	0.6230101302460203	0.6030444964871194	0.6452927662710629	0.6512331094043734	0.5885188431200701	0.6126824817518248	0.6166169895678092	0.6148482362592289
54	5837.773040100001	10354.651080684736	0.6214820083887267	0.6435317874229345	0.5733558178752108	0.576271186440678	0.6295224312590448	0.6049960967993755	0.6451560239374722	0.6505283945837091	0.5877425044091711	0.6081204379562044	0.6233233979135618	0.6164889253486464
54	5826.0879444999155	10354.651080684736	0.6214820083887267	0.6435317874229345	0.5733558178752108	0.576271186440678	0.6295224312590448	0.6049960967993755	0.6451560239374722	0.6505283945837091	0.5877425044091711	0.6081204379562044	0.6233233979135618	0.6164889253486464
55	5932.402288400102	10355.889709358802	0.6214019843508549	0.6436152619852757	0.5745577085088458	0.5779661016949152	0.6295224312590448	0.6057767369242779	0.6451745508664484	0.6511443695208172	0.589839454585441	0.6117700729927007	0.6222056631892697	0.6175143560295324
55	5920.543100599898	10355.889709358802	0.6214019843508549	0.6436152619852757	0.5745577085088458	0.5779661016949152	0.6295224312590448	0.6057767369242779	0.6451745508664484	0.6511443695208172	0.589839454585441	0.6117700729927007	0.6222056631892697	0.6175143560295324
56	6034.167764500016	10357.77280527493	0.6216794623365793	0.643605282621202	0.5744234800838575	0.5805084745762712	0.6237337192474675	0.6038251366120219	0.64540826212647	0.651487072189525	0.5885439440314822	0.6140510948905109	0.6140089418777943	0.6140278917145201
56	6023.51140349987	10357.77280527493	0.6216794623365793	0.643605282621202	0.5744234800838575	0.5805084745762712	0.6237337192474675	0.6038251366120219	0.64540826212647	0.651487072189525	0.5885439440314822	0.6140510948905109	0.6140089418777943	0.6140278917145201
57	6139.630970200058	10353.932400635444	0.6210680909514582	0.6437906244717946	0.5743157894736842	0.5779661016949152	0.6287988422575976	0.6053864168618267	0.6454242394780642	0.6512671623273694	0.5869900771775083	0.6072080291970803	0.6229508196721312	0.6158736669401148
57	6125.669426099863	10353.932400635444	0.6210680909514582	0.6437906244717946	0.5743157894736842	0.5779661016949152	0.6287988422575976	0.6053864168618267	0.6454242394780642	0.6512671623273694	0.5869900771775083	0.6072080291970803	0.6229508196721312	0.6158736669401148
58	6233.886405900121	10353.158116920153	0.6213596727906008	0.6439885218009462	0.5763422818791947	0.5822033898305085	0.625904486251809	0.6057767369242779	0.6453266756502443	0.651469964258579	0.588828039430449	0.6131386861313869	0.6166169895678092	0.6150533223954061
58	6220.1160484000575	10353.158116920153	0.6213596727906008	0.6439885218009462	0.5763422818791947	0.5822033898305085	0.625904486251809	0.6057767369242779	0.6453266756502443	0.651469964258579	0.588828039430449	0.6131386861313869	0.6166169895678092	0.6150533223954061
59	6334.724212100031	10354.049806884956	0.6214075032500185	0.643950634269338	0.5727541121889498	0.5754237288135593	0.6295224312590448	0.6046057767369243	0.6455229081227495	0.6517788893255335	0.5889597536837475	0.6108576642335767	0.6214605067064084	0.6166940114848236
BEST_EPOCH	16
BEST_VAL_AUPRC	0.6468128483560485
BEST_TEST	0.6468364503899833	0.6518173413444575	0.5852866094221397	0.5752737226277372	0.6810730253353204	0.6335110746513536
59	6319.750311600044	10354.049806884956	0.6214075032500185	0.643950634269338	0.5727541121889498	0.5754237288135593	0.6295224312590448	0.6046057767369243	0.6455229081227495	0.6517788893255335	0.5889597536837475	0.6108576642335767	0.6214605067064084	0.6166940114848236
BEST_EPOCH	16
BEST_VAL_AUPRC	0.6468128483560485
BEST_TEST	0.6468364503899833	0.6518173413444575	0.5852866094221397	0.5752737226277372	0.6810730253353204	0.6335110746513536
